24
13
0 4397 4451 2251 672 3537 3231 7191 3743 5765 3573 5587 6111 4495 7116 1572 2002 3014 6161 1438 4928 2689 6233 2606
4397 0 7910 2320 4131 6996 6690 3448 766 9224 1514 9046 9570 7954 3373 5031 5461 2923 9620 4019 1185 3592 2490 6065
4451 7910 0 5764 3913 1418 3024 10704 7256 1912 7086 1734 2258 642 10629 4337 3401 6527 2308 4951 8441 6202 9746 3809
2251 2320 5764 0 1985 4850 4544 5114 1666 7078 1496 6900 7424 5808 5039 2885 3315 937 7474 1873 2851 1446 4156 3919
672 4131 3913 1985 0 2999 2693 6925 3477 5227 3307 5049 5573 3957 6850 1034 1464 2748 5623 1172 4662 2423 5967 2068
3537 6996 1418 4850 2999 0 2110 9790 6342 2732 6172 2554 3078 1462 9715 3423 2487 5613 3128 4037 7527 5288 8832 2895
3231 6690 3024 4544 2693 2110 0 9484 6036 4338 5866 4160 4684 3068 9409 3117 2181 5307 4734 3731 7221 4982 8526 2589
7191 3448 10704 5114 6925 9790 9484 0 3560 12018 4308 11840 12364 10748 1353 7825 8255 5717 12414 6813 2579 6386 2466 8859
3743 766 7256 1666 3477 6342 6036 3560 0 8570 860 8392 8916 7300 3485 4377 4807 2269 8966 3365 1297 2938 2602 5411
5765 9224 1912 7078 5227 2732 4338 12018 8570 0 8400 736 902 1496 11943 5651 4715 7841 654 6265 9755 7516 11060 5123
3573 1514 7086 1496 3307 6172 5866 4308 860 8400 0 8222 8746 7130 4233 4207 4637 2099 8796 3195 2045 2768 3350 5241
5587 9046 1734 6900 5049 2554 4160 11840 8392 736 8222 0 1082 1318 11765 5473 4537 7663 1132 6087 9577 7338 10882 4945
6111 9570 2258 7424 5573 3078 4684 12364 8916 902 8746 1082 0 1842 12289 5997 5061 8187 1298 6611 10101 7862 11406 5469
4495 7954 642 5808 3957 1462 3068 10748 7300 1496 7130 1318 1842 0 10673 4381 3445 6571 1892 4995 8485 6246 9790 3853
7116 3373 10629 5039 6850 9715 9409 1353 3485 11943 4233 11765 12289 10673 0 7750 8180 5642 12339 6738 2504 6311 2391 8784
1572 5031 4337 2885 1034 3423 3117 7825 4377 5651 4207 5473 5997 4381 7750 0 1888 3648 6047 2072 5562 3323 6867 2492
2002 5461 3401 3315 1464 2487 2181 8255 4807 4715 4637 4537 5061 3445 8180 1888 0 4078 5111 2502 5992 3753 7297 1556
3014 2923 6527 937 2748 5613 5307 5717 2269 7841 2099 7663 8187 6571 5642 3648 4078 0 8237 2636 3454 2209 4759 4682
6161 9620 2308 7474 5623 3128 4734 12414 8966 654 8796 1132 1298 1892 12339 6047 5111 8237 0 6661 10151 7912 11456 5519
1438 4019 4951 1873 1172 4037 3731 6813 3365 6265 3195 6087 6611 4995 6738 2072 2502 2636 6661 0 4550 2311 5855 3106
4928 1185 8441 2851 4662 7527 7221 2579 1297 9755 2045 9577 10101 8485 2504 5562 5992 3454 10151 4550 0 4123 1621 6596
2689 3592 6202 1446 2423 5288 4982 6386 2938 7516 2768 7338 7862 6246 6311 3323 3753 2209 7912 2311 4123 0 5428 4357
6233 2490 9746 4156 5967 8832 8526 2466 2602 11060 3350 10882 11406 9790 2391 6867 7297 4759 11456 5855 1621 5428 0 7901
2606 6065 3809 3919 2068 2895 2589 8859 5411 5123 5241 4945 5469 3853 8784 2492 1556 4682 5519 3106 6596 4357 7901 0